222865
130576
5166
3164
677806
27330
5802
7102
9241
64651
407018
604
407010
11197
92162
9194
153020
4121
84441
51646
22924
334
79974
347
91966
5743
158586
9314
384
9208
6868
4117
51310
79145
64112
147699
10512
1791
57633
23764
3597
338699
5054
29105
80243
123879
323
26249
11040
133746
4860
100033413
80177
6497
2260
58494
9975
129881
4092
390067
5593
55859
7846
25937
23670
11213
9262
84102
1848
4783
1191
84251
56937
259287
1089
83891
54435
677801
9098
677837
1378
5747
10766
2920
85461
643418
340286
9479
8076
6840
3383
8793
22925
55224
8863
54810
2354
26022
100131541
5645
154754
349196
2353
4758
57631
6547
3572
10644
79608
862
64180
79884
94056
902
7852
54830
5209
26049
100033421
100033420
100033418
100033415
2335
2844
8639
100129940
26051
203102
80014
56270
100294362
23657
407013
4352
55086
100033435
22936
100033416
6638
1634
4291
56288
10402
55599
280
23243
2681
976
91133
1646
100033419
100033417
114548
692075
79101
56172
1948
5142
4616
677771
29951
2119
4929
6237
3815
57493
1004
26960
1407
4256
1007
101954267
10216
3280
284069
1026
374
64061
279
278
277
276
54941
121551
284611
26052
157697
267010
2625
677772
25976
23086
306
1266
8825
51361
28234
999
9263
114569
1556
80114
107987020
203274
2952
677802
317649
4921
7718
860
5523
7932
26509
677768
283596
55605
4311
55422
8013
100033821
55612
6446
57211
8436
767564
100033438
6696
100131581
402117
54541
7078
767578
100124536
28831
3507
50802
28912
28442
28439
646600
79730
330
5329
643616
2355
55384
5168
54206
100506658
647859
767579
6515
7754
100033436
653166
8386
4991
245711
641517
245912
780854
780853
780852
780851
26851
9960
2949
101954277
3043
285313
