8833
7265
11157
7462
23590
5985
51426
91749
3308
10238
63901
10269
1503
4688
286
201965
321
149986
9556
3092
63931
222194
5580
10200
57380
55353
79003
115004
84319
3075
8872
7351
8836
55745
5499
84365
58516
55006
1439
23310
1616
60558
3732
6596
55276
2135
10311
285367
7298
51263
516
5694
9674
10056
5910
55093
26019
730087
79184
2936
9735
2194
55967
54938
51495
3251
51194
26003
57122
56265
8539
622
832
3949
7260
64421
25929
132949
54903
7570
4700
142
54499
51203
55748
3248
501
85465
51184
9330
23788
56886
5691
64216
158405
27258
51300
1629
26275
57504
8356
7347
128153
8086
134728
57105
202243
23240
27430
11015
8935
9443
125919
7905
84941
8655
7411
1477
84661
79810
79017
51528
79031
6491
27257
55798
56242
8671
55388
4087
54069
2140
84300
79622
2971
100532731
23412
64960
9184
440519
5832
10111
7372
445347
6967
85439
56916
27102
10845
23344
100532726
4718
1793
55705
55635
7398
340527
55364
55862
84318
51629
80167
6944
27166
3418
80790
5245
90381
27131
9937
391059
9675
55646
10096
55644
55156
7443
10471
79892
7804
10678
4436
337874
56978
388524
388558
51477
146857
65993
5163
730394
728340
653238
2966
8766
2305
29088
26207
22995
57508
5884
22974
55751
54552
10721
55180
254394
112495
3832
151507
58497
100526837
9521
57510
8355
2960
57171
2034
5226
1736
84245
4724
79866
5557
1978
102
4430
5693
2969
10793
166929
83448
8732
140823
3683
79973
79728
5337
9111
56992
116173
701
100101467
55916
57628
6391
26271
205
92579
6678
3955
5937
83856
171392
3553
2811
80231
9581
11064
116496
4695
22832
123
28985
220042
55737
1027
84668
23649
83892
9156
23406
64151
51520
55552
55299
3145
4605
284098
55256
290
284406
55907
6749
22878
55226
55796
60684
84206
55723
348235
57118
1786
10195
9337
58485
55347
55840
374354
84196
55771
6654
153339
5571
8125
5193
56647
339324
113829
85459
79801
56154
8331
23594
3709
4722
151393
112950
8723
3633
55142
29796
9452
84910
25940
617
3329
4338
2937
4778
4071
4835
79624
23404
388561
952
157570
51154
64089
9859
1429
5501
54465
29089
7764
9343
10550
56890
9768
5827
64092
3065
26806
25788
84924
26765
80195
8985
55166
27350
839
10036
1438
1021
100529855
3140
5276
86
84172
83990
1164
80745
2720
34
201799
7341
25796
55589
5921
55676
5591
59
64778
5972
983
147947
29103
554313
8370
2967
79172
134510
84515
5784
7705
79829
191
55331
100533467
54841
4683
10069
8799
64943
2990
51719
56479
5925
79634
440712
2182
5932
51559
6594
79072
6301
51144
253714
55656
54811
53339
29128
392
25782
221336
7374
8884
81539
8611
10953
4709
10456
55153
10673
55165
115752
3673
84671
81930
57181
5426
57556
84174
387119
51668
10780
3588
54663
25780
10797
664701
152579
7074
100125556
729375
653113
645332
196483
85002
55199
9871
100526836
81567
63915
3035
285
60386
5395
2483
9363
11073
5516
7697
4218
9050
3690
64979
57691
4345
128869
81542
55728
51138
84083
79230
200933
26017
5481
55735
8883
8402
5577
125893
692198
7027
134957
7490
81624
730051
57546
8089
754
80304
388931
7294
10432
55148
152185
26046
9808
3157
55320
54443
339487
3674
441051
51701
80008
26812
2805
2273
5271
171586
57405
834
4494
201305
94101
3554
93134
63939
2037
9833
2491
255403
9303
5547
3512
6637
100293516
9173
55346
28976
11080
654433
1349
26810
241
202309
57091
7450
6526
406934
196513
84911
10911
64499
23430
7177
9938
64968
5473
84833
406991
7879
2996
85391
26830
1178
158326
100133941
643332
3311
3310
246126
