170954
302
10521
9806
27243
3073
6352
4188
3708
23654
5878
94120
9267
3678
7305
921
57714
54458
5002
51296
867
128866
10437
7127
57142
8835
23527
6850
23048
84883
55599
29108
388403
5777
79630
56947
7133
5579
60685
56905
2534
57688
10627
81698
64919
81553
64236
2782
8874
10396
5033
123920
10443
8519
3560
8303
283070
55959
23532
51063
968
915
8522
129293
57804
51281
257106
5728
221188
57674
23077
4149
10288
240
27086
9586
149832
2736
285148
7940
9473
22839
168544
154075
23081
51177
84958
8554
55092
5862
79621
284129
84961
8764
3820
919
10749
23616
3956
25831
9047
51503
7454
25824
57118
55105
23208
64397
23479
970
824
64761
114327
55187
51673
3831
9736
11252
25798
9636
397
3784
100128751
57677
1192
116448
140460
26070
7805
10475
8844
730051
26099
2876
5613
10983
9368
8869
239
6643
9404
8942
4350
150365
83888
2971
53637
9056
7091
11146
51105
6272
94015
3563
896
11182
25
54842
25879
8847
2034
8620
201799
1540
9651
3423
84186
81855
961
11151
5698
4094
116829
9910
307
5199
3587
54948
10487
5204
57592
4082
91522
25861
9961
10312
5870
9173
9094
83737
1043
3556
285590
51043
1622
10620
3430
5699
10397
90410
10398
5362
57178
837
10346
51585
57459
10446
4327
3958
2634
115362
3275
387
9755
7077
375743
11344
55284
57504
285512
100131564
79090
30009
196883
283149
10578
8667
441108
132241
9938
9456
126823
4199
159963
550643
3575
9168
7514
10133
8867
89932
28511
91151
5829
2280
3001
1388
6494
3431
3773
51513
23005
4938
9467
8611
26228
9341
57140
4599
10205
81704
6373
8648
5930
29122
5148
311
23475
23253
864
1520
11120
3665
7266
2683
23150
338620
25949
7756
404093
8799
6934
79026
84270
5525
3707
1155
3689
22933
348094
4207
25956
3684
100129286
80325
51348
1294
55160
3824
7011
23474
50848
6158
4542
2687
64754
219771
153222
56911
445
26996
8575
4627
146225
22931
154881
942
4035
241
10451
10618
10095
4215
55701
57653
929
29068
3476
23102
4907
3096
51107
4267
81493
7490
9616
1879
51363
3429
54918
359845
54436
6932
120
26270
800
92017
2889
3984
151162
283508
10724
202025
9444
6967
2059
29007
118429
4360
55088
1901
2219
9746
5887
54014
8968
55654
91860
10747
56888
55054
5089
10094
5729
100131829
58475
3600
152007
55676
10904
55080
51072
11178
116540
80790
56895
51738
11337
4131
9016
1513
3142
10241
2306
3127
84159
1593
3695
2771
79016
51466
7462
23312
254531
8428
26053
6095
4478
934
1535
22978
55608
54739
26578
10371
3071
3683
3921
29978
8291
6988
940
9320
10480
9445
7414
9138
6016
2250
55022
54503
55083
22800
1774
23405
441168
776
5533
5122
8029
887
84628
7185
402573
23064
25791
54413
2987
80774
4881
10059
284613
1756
11076
729220
7048
8760
445347
23559
4848
167681
9051
309
23112
26509
79966
8356
3125
57238
142827
8202
10019
828
54455
9693
5746
9464
11215
9644
6201
57565
56261
114130
4112
55582
439921
6688
8295
55893
389125
55884
440498
1601
4739
116985
8675
23158
3002
158358
4854
22914
23336
1617
5794
8635
22987
1810
8826
9600
3482
4926
57186
6923
9989
199675
23362
9550
223
55340
8745
64114
118672
22818
8399
11119
1102
8992
5585
4948
79786
8682
4214
10824
22884
10801
3003
29992
401504
23612
7862
7139
4735
401577
4026
55315
4324
10090
9448
7039
10044
1347
3122
11345
1230
4194
5144
399717
9552
92211
59307
26220
5696
1466
3965
5447
65991
64405
8527
22872
23350
2896
10970
6155
255812
51545
405754
118788
10758
283174
8934
10522
333926
404734
3236
5090
23569
26234
1462
2298
3106
26037
3134
6549
9403
54463
53905
794
9976
822
118
155435
23017
56990
27044
834
27122
10320
55339
10043
10892
57826
7728
9842
4430
9028
11164
23133
9647
9123
2886
6193
1734
100131117
80727
10632
30815
51571
9741
9246
1512
27328
83658
1
3920
10412
6452
64411
55636
27335
90060
116541
23217
56548
1606
177
6854
4193
11083
283537
10550
869
51070
55779
56940
345557
26030
3959
100131138
54838
151525
144165
23491
11165
100132455
85377
1207
23521
79651
54868
3437
9971
55303
11214
9120
11021
22861
2207
10611
441733
63935
80759
79668
23053
8355
5682
150297
148189
348262
695
51100
9659
30011
23137
10392
4689
55628
50856
2357
54759
4991
9436
5152
51755
4058
10948
7494
9516
7375
9167
51669
4603
10964
490
27065
2620
57175
23108
6284
9828
3596
10006
84162
9770
2528
917
80204
2539
80745
801
5663
5316
94101
10542
653361
89796
3554
80301
256643
81605
146050
8878
114907
2793
389834
9701
26018
115352
257019
57348
3354
2597
6526
56934
55729
23615
7874
254228
84269
100132726
91526
22898
10878
6623
10567
284297
51523
1455
10100
928
1351
144132
771
80176
11092
1112
84876
60439
3257
27245
5355
30832
56914
4753
3671
131616
13
8875
64121
54964
5469
5139
3107
2992
366
857
135
27287
30812
84976
56171
8701
83641
10287
23166
123355
79848
29767
143425
719
215
27094
11136
55969
9725
974
51479
27283
3115
55186
54543
3728
54897
9991
11262
833
84317
11176
153277
3898
4086
4775
7100
51371
10559
570
51529
11156
8807
1124
1397
23705
2745
56001
1298
56341
79875
11122
57612
340843
6210
8665
157285
58484
8822
124583
7320
9337
5201
144453
55831
55785
57124
3631
219699
5460
5451
29844
84645
376267
3641
2012
7942
139716
64779
26083
10577
831
79089
962
8334
222521
10628
5721
6152
1399
8490
409
5562
2212
4676
55614
3990
9811
55294
27030
283551
56256
8193
11099
5303
51292
3957
283104
114885
10218
219285
79628
3105
5775
4115
80315
113402
84168
55803
10893
221491
6277
64145
55337
9114
10159
10750
3821
169841
23216
63877
10875
814
11026
10663
80342
51393
89797
100129550
3109
56900
56851
4684
51185
23034
283229
171024
3932
23030
143381
1401
401548
8153
199
324
148898
58488
2239
1235
8887
10008
64421
343
254251
8290
222663
25777
25854
283450
9679
9130
8634
1241
5595
11238
4205
100129973
1437
79887
7373
4694
53919
2185
83478
9751
11052
51663
4168
1130
27252
716
7075
4107
54758
54551
387750
163
11255
1743
3912
1039
2537
149111
57094
57221
7782
6340
57410
6793
6274
8549
5914
2339
80169
4088
6164
9474
10209
10681
9948
533
78990
5580
103
79018
54922
339829
5136
7252
143570
57658
2769
10746
9187
3557
79625
8239
3702
55328
7732
4123
25796
6141
2043
55107
3755
1122
79670
60677
64005
1675
83894
55081
5350
6159
220074
63931
28232
8755
8510
734
25963
582
51305
11000
8728
84959
23143
2483
57169
10818
131375
9982
26034
80726
200609
22989
4330
537
10048
1778
9960
55036
27163
914
6477
3087
1350
249
2215
4012
10219
388799
25837
56479
5909
80853
6834
3977
7994
57134
8543
1327
51082
2350
54621
1608
2000
4868
5551
201965
54440
55008
3269
6653
383
54831
100130428
26999
11152
92249
79899
100129617
5336
242
6810
256691
78997
151
100128791
3280
7294
638
117583
9536
1443
4185
22930
3207
401067
51317
27239
11046
148808
55754
10052
22906
1200
1589
57224
388325
9573
2045
10313
84689
6748
25790
51554
196441
79641
81792
7109
3762
951
317662
9590
23673
3927
474170
728142
3891
27257
55823
145942
6286
7324
116841
119504
202134
8569
80018
26051
27035
8292
25981
338692
770
8837
5169
49855
10776
4782
22889
5478
23224
29842
83853
57578
55917
284415
23067
9083
23533
8528
1536
4062
56964
26137
9265
57719
3810
57125
10671
29895
597
54510
3123
51147
57558
220108
285286
393
7318
25912
28999
8021
3108
100132234
1785
54715
90952
4842
51667
55805
27154
54522
2181
5436
23387
150372
9543
9518
27095
29881
201595
10039
7453
64417
514
920
84572
85464
3590
4987
5530
2804
64856
54065
1783
10809
27299
84332
126969
3133
5163
6629
79800
148
55423
7430
58485
4900
27161
29085
2113
11024
29906
140738
54959
11043
9711
6809
2828
84692
5452
79692
960
81849
90288
9033
65010
55620
199870
6910
55095
2308
26273
11259
1770
7056
375
9931
89781
55911
3458
11240
1759
2796
253190
55715
8313
1258
57823
23478
6346
4256
90523
3092
79961
728442
5151
84867
8625
11033
392
51111
5692
2123
8802
64094
3101
59
80349
374470
22949
8738
9282
10321
10537
10002
8148
124152
55860
64127
80095
9528
6505
3976
3624
9672
29923
85455
54799
51246
79616
2170
100130979
3233
285527
23130
725
55966
4093
60682
8120
84975
85476
2213
9766
957
6954
79874
23264
23140
9049
51321
3091
29945
51734
353514
19
6347
85479
3211
83648
23555
167838
25939
79745
5897
22990
23187
7138
55300
339416
9764
8662
10014
23585
57534
10075
