51202
5900
133015
400073
23175
2012
57099
8835
55246
7327
28987
10128
8936
7417
64794
949
5682
1660
729515
586
26520
64087
79649
90850
10127
6627
57665
2273
7416
55901
23180
5250
501
80321
9200
112752
135228
5052
26086
64754
550643
91151
255758
9588
6167
54881
25932
5954
7818
57128
375449
10681
5214
22887
84303
23259
11041
23635
11171
9141
29078
64216
79966
60488
152559
84275
85358
10329
2531
26031
55112
1875
9112
1500
60436
2648
57519
6950
9653
83732
55915
56623
9767
708
2926
10575
7564
165324
80063
8975
55093
2098
64864
25926
3313
8898
55900
10929
7580
22859
10352
142
55698
112942
8669
84365
55780
64682
79009
26135
27245
3609
7625
84327
51729
79031
646778
90407
9324
22803
10962
54806
152579
6418
91734
8891
23576
4076
26053
54477
55733
56922
201562
55304
22889
8882
144097
29102
84306
55342
5597
22909
29911
728705
26249
125228
8508
85476
64976
23549
52
23028
10712
114614
1665
10247
1454
10342
6635
231
25871
84319
7556
65244
10668
84899
55718
4041
151516
51134
9925
10494
25814
23450
9739
23059
6875
27316
3708
55174
9975
9188
8464
728233
55299
57019
376267
140901
25879
1789
9533
51447
5533
10915
2287
483
114327
728769
54931
23607
169200
85465
55037
25894
1353
112
56889
6059
54537
114907
5129
23560
51611
28969
57181
55848
4515
57584
11127
22800
642
10425
51078
26258
51388
54433
29902
6500
80018
10799
441024
84154
116841
80318
29801
348801
83940
84259
203286
11266
11052
6045
8720
9329
24145
145482
26272
9295
5184
2982
51503
51320
90488
26354
84159
4190
26985
87178
6629
10038
100131564
80755
9868
55250
54431
10054
6936
56654
5469
7525
7267
85451
6632
10244
8939
9644
4086
7730
55863
23261
9760
384
9394
55930
6605
25902
23160
3988
54014
9801
55179
11183
54941
7260
154796
90589
10196
7171
51491
1819
3735
57587
92170
54545
51585
3945
148213
54954
5016
54465
64285
57106
138199
1676
286148
57189
10059
84311
80306
57335
1266
4711
28978
51463
28998
54902
4088
1662
56986
23564
4893
5264
2794
4706
9016
29922
26123
10920
128272
58499
7324
23326
91624
10152
1601
4830
4869
90102
55175
55274
148898
4760
3911
51193
246243
6925
29970
28977
10463
60561
23191
84284
79039
3704
65986
9255
257160
8607
9696
10412
8881
29083
55230
4673
3336
4285
51309
65008
51232
7490
51056
6642
3938
1994
5721
57494
152485
10469
55006
28981
7637
192111
23208
140465
54680
79135
57291
81034
84312
5955
145781
84206
6094
23531
51029
79070
7756
1161
56898
9097
6929
27130
55333
51523
10220
2769
29088
11137
8398
5599
4831
26504
10480
55731
649
27075
23157
9240
3276
9397
8237
51109
1939
137695
687
7531
388272
440145
90462
79796
65084
3983
10447
55623
1635
5019
55614
648
1788
10549
5565
7169
7292
10276
5754
5930
4724
6123
23741
4351
28986
5687
28
10723
2054
6894
22994
4698
1021
404217
56952
4729
23082
8565
23236
55213
26094
221120
4071
3320
64116
57213
3094
6915
7019
23129
10807
49854
51073
64398
51182
92092
10808
147929
11332
118672
54946
143684
64417
27131
51441
266812
55601
5690
51637
10360
54927
51149
55720
54802
81572
9655
11091
283638
340481
154043
7336
947
9889
30815
55802
57489
9221
9203
138241
65265
285958
84320
22906
374654
6599
3476
100
84445
10464
22916
54585
56647
11194
8821
7748
25994
51366
403
64410
26228
64149
64798
8883
54708
23516
64759
120227
10514
257397
9677
253769
92399
253782
4891
2322
221830
55748
8575
5601
27340
11274
151525
342357
4528
159195
8853
55871
29954
2079
79073
969
10236
5705
64857
55500
5931
3839
10949
23518
23243
56902
10988
79870
818
54799
51241
29978
65110
23173
81608
10797
83544
55039
79752
56942
9804
91252
91893
51012
29883
57820
149951
5134
83636
6897
6731
91942
8030
9618
122830
79646
10056
84128
421
22868
5437
124401
30837
10857
2530
6652
10449
6596
85440
10633
10605
51091
9124
648987
1374
10576
1892
11083
123606
84108
1736
90784
201626
9538
55422
5213
6742
100101467
6832
285753
1457
79814
23070
11222
51088
80184
6125
545
819
60526
414918
1345
7347
1968
51138
10544
51493
29889
55170
8943
2230
1388
51642
728239
23203
23016
55325
29789
84261
64708
2968
10455
91408
57539
84883
22876
81573
29093
54726
1801
9310
55651
22907
9380
23077
79828
57178
64841
10943
10419
6905
4913
594
5910
168374
79731
7035
56895
51499
2972
134218
3035
28231
90624
54887
1728
167838
10606
9737
5867
58516
27292
10257
10106
140890
4300
55922
1207
7587
5692
55216
23169
91147
55726
22850
55251
5147
8050
51132
51018
2746
57513
27143
23187
8550
2615
26049
7203
6647
5311
509
8562
169714
7423
51371
5096
5613
64782
23014
24146
8823
81556
27109
53344
9774
11221
8567
1653
11244
23177
27102
51187
54842
6659
196
254042
79886
51123
3843
80822
3184
56983
1073
80745
55003
51455
39
22852
51747
57657
51377
64108
9746
53371
54968
8665
10213
3298
4008
8491
8725
10451
134553
126823
129831
134637
9782
80208
5394
132299
23353
9734
900
92340
9258
1054
8570
9652
55435
5631
57560
57504
2483
6389
54874
65250
55870
9014
54948
5925
57003
2108
8666
51668
6728
54663
205717
255104
9306
23362
23066
441478
22984
4292
488
10574
54971
10916
57412
5529
23002
165
57187
51075
79913
23143
9238
5917
498
8065
9187
54877
26057
6541
10944
6207
131616
54700
80006
5001
10172
7342
26751
55347
9686
3831
9320
339324
11154
4012
5274
5567
10300
56652
9495
8667
2762
65983
79068
60592
93210
85457
54963
6917
53339
10427
23358
9557
2983
4188
130916
51805
79656
57684
50804
8467
158880
51306
5365
29890
65062
10171
6421
2271
10641
192683
79590
55197
23530
285195
292
10428
9933
2055
153364
8315
55661
10758
6284
3456
23585
220064
6991
283508
55833
5198
10969
26063
3662
10910
8662
9330
7979
262
51121
54482
10314
153346
84196
23279
51690
10750
705
1739
56985
10274
5108
55359
987
9643
2653
9019
7776
11080
57536
11133
9880
11103
283209
58533
3995
4976
200845
84912
8324
51028
25966
4134
90
10973
10667
8630
8661
100128822
8293
6624
55224
9057
7188
84525
95681
57092
79829
79745
92597
8498
10845
10518
51654
246330
481
55608
83473
4232
56919
6749
5106
25807
56648
26160
83480
7507
57097
3608
8208
51164
5717
63908
5191
51287
653583
120526
2114
4345
6631
80759
2739
23052
84955
93058
54953
29107
7334
9047
26156
6880
6294
22836
6139
79723
7385
3134
25904
8880
22883
6938
79725
23532
7804
64776
2058
6895
163051
5445
51001
51333
144486
892
4331
26052
84236
7705
57713
2037
27079
160518
5276
26275
157638
79882
7296
5550
55752
133686
4733
11160
10755
51701
54677
23545
4435
10622
79595
662
26003
80821
51444
9520
1984
23142
4192
3078
28957
23435
4771
54619
10256
1429
5283
50626
163
92912
56993
596
6242
5501
10062
10198
388962
27333
2593
220074
5686
9455
128
9946
57326
160897
57045
689
22955
23244
8805
142940
203547
7750
60528
5350
8892
9415
10492
64783
55795
23195
961
730051
166815
55008
9337
51026
84678
55296
1122
55589
23078
7639
10873
55734
23475
6147
57109
65264
394
129563
539
10099
4154
2631
8848
56915
55704
23392
6723
10020
64147
11013
55326
283989
4299
285590
8792
399818
326625
55617
658
5911
5116
114991
440275
51406
64853
58491
10166
3075
2747
6643
6164
23270
84455
7559
57020
2171
57348
55278
283489
286827
200539
5876
22930
6159
50861
79817
4281
56920
333926
81873
4927
3178
9486
10001
3033
5332
26225
10950
54850
55740
9135
286410
54906
10084
80324
54205
9788
5636
996
1456
51606
23051
65117
57226
84896
252983
5569
165215
9882
5775
4801
55571
1185
3783
11321
29914
58478
8204
1000
54929
4054
1876
353274
9512
115509
64854
2618
54994
51277
3658
81688
8668
132
2963
60685
80298
11159
4522
57648
3032
9517
8099
387763
440278
9166
2547
134429
97
54928
10260
23248
8445
7073
23283
58494
55245
84265
64901
23421
26100
64225
28985
5689
6477
56987
84988
57613
2635
34
79739
93487
55869
2120
57234
55728
2971
8738
196740
5898
9751
8241
6788
51451
64131
5583
10165
57678
123
57116
55832
7390
26082
9125
55014
56953
55142
80975
7110
116150
9874
9328
64577
165082
22
79810
55599
4116
6988
162681
10431
10267
83852
84058
84934
112849
51575
7741
25970
51433
26009
55974
283742
51081
134430
22926
197407
55105
6189
93953
21
340371
5903
2395
7174
2551
5874
55604
122809
54841
6526
5562
9377
7728
5464
23499
55705
388335
340554
121536
441108
730101
63895
5707
4957
148423
7486
9886
51068
51540
23588
30833
254427
55172
55353
27037
2958
55321
9897
51602
51151
283537
9730
150864
129607
57380
11228
11315
10728
51651
84273
51002
203197
950
79078
27242
53938
6597
23076
7528
2553
7204
3837
27336
25934
664
55425
54762
7289
374899
6146
3909
79598
55182
5243
5245
8867
9246
10231
124540
22826
51062
401577
5174
10497
7690
10982
55308
8161
26146
5695
4040
6450
1024
7181
340843
10772
54617
25940
29068
79582
64328
7444
8034
64376
1029
10579
4752
3653
123775
27244
5591
23382
23107
114908
10885
80155
83787
10671
81539
55667
5471
6871
79726
10234
9425
55814
64423
90736
51495
23212
84946
57524
5860
2719
9456
25875
4026
132946
57470
22982
197335
51057
113174
22920
3329
1629
1915
79868
10075
55100
79874
493753
1846
55171
5781
51562
11187
64098
6612
11046
23457
7694
10905
55653
5540
55798
8884
55297
3376
10014
130507
158586
3590
335
81889
1741
1615
144438
4552
9202
64979
285535
123722
10793
928
11178
10778
283666
50840
55837
222658
56945
1636
5994
476
51237
94240
285761
9331
284
30849
85461
51669
90634
57482
441150
4779
9519
63898
5287
1787
6741
92126
84181
7050
55186
4208
3355
92379
64426
23241
84513
10939
4811
54542
23517
23246
23512
100128545
23033
55660
23277
54934
57146
26517
9575
27068
57534
6431
8682
8504
644353
5378
4649
57583
9414
10210
25912
4087
56131
55889
9015
56995
84233
4162
64849
9403
54765
84248
8602
134353
27229
3054
57223
158301
8027
4705
79969
55225
51117
865
79630
57835
10901
55234
4702
51185
3291
23481
221322
3841
345630
10585
3563
51097
91775
54517
54901
166378
51534
84671
144347
8270
7965
10556
55081
8453
8604
51122
22948
9976
6326
25929
54839
54801
23341
11158
1503
53335
51626
6767
6878
285014
908
133383
4123
55818
9631
5515
3688
55316
7072
10175
51130
9099
161742
57673
29980
80263
92312
64839
9984
58504
23658
5516
94101
8533
5739
54847
284111
5188
9724
23371
23404
79026
79614
10116
284459
11062
9669
93587
115825
81623
57579
10522
6575
25895
9697
4675
7468
22828
3572
7862
56267
4621
140462
3992
376497
5627
51727
81563
3676
11049
79675
619208
51032
374354
7469
10237
9785
8817
9904
22863
10650
2956
10049
94239
1977
84230
85414
22796
340485
7594
60676
91608
84191
51004
80237
6996
10527
10424
26127
3838
800
57473
5981
51303
10630
93
57630
10795
100129973
7993
29090
6868
6239
8165
10747
6671
3638
9616
78989
57209
9338
3990
115286
90075
4603
26061
55914
27252
6134
10987
54534
10743
4898
55005
1407
839
57325
57459
751071
56243
4613
10892
4261
374393
2673
3763
462
3211
6222
51478
79791
5345
160418
55929
5128
9131
8411
619279
445
81789
84520
7769
7266
3183
8295
377677
122525
6309
9702
5685
57120
256691
60468
10657
6210
7697
3326
92703
51281
79677
55627
9487
55776
55559
54360
26098
57393
375298
79680
5217
25998
51367
3615
10998
1723
9969
27291
9693
8528
205564
9521
728294
7112
51603
9790
6542
139886
55854
10069
9063
10199
9497
4691
57507
55706
388815
4763
81790
30968
51776
55812
51678
117246
349152
4017
5095
1399
53354
54065
55759
